frame    spot      x    y       II    cnt
-----------------------------------------
00000379 000000 0655 1026      834      1
00000379 000001 0655 1027      708      1
00000379 000002 0656 1026      648      1
00000379 000003 0654 1027      574      1
00000379 000004 0654 1026      557      1
00000379 000005 0655 1028      549      1
00000379 000006 0654 1025      533      1
00000379 000007 0656 1025      520      1
00000294 000000 1080 0835      505      1
00000250 000000 0938 1291      585      1
00000250 000001 0939 1289      576      1
00000250 000002 0788 1146      548      1
00000250 000003 0787 1146      536      1
00000250 000004 0938 1290      514      1
00000250 000005 0939 1290      513      1
00000250 000006 0939 1291      511      1
00000250 000007 0786 1147      510      1
00000250 000008 0787 1147      502      1
00000246 000000 0841 1134      507      1
00000208 000000 1505 1211      612      1
00000208 000001 1506 1211      550      1
00000208 000002 1493 1212      548      1
00000208 000003 1501 1211      517      1
00000206 000000 1506 1204      513      1
00000203 000000 1410 1253      566      1
00000200 000000 1398 1234      651      1
00000200 000001 1397 1234      509      1
00000200 000002 0994 0706      505      1
00000200 000003 0992 0706      502      1
00000198 000000 1596 1184      567      1
00000197 000000 1418 1261      524      1
00000196 000000 0857 0581      522      1
00000189 000000 1411 1283      519      1
00000189 000001 1412 1282      511      1
00000185 000000 0708 0544      528      1
00000168 000000 0848 1296      528      1
00000152 000000 1118 1232      522      1
00000152 000001 1118 1233      508      1
00000146 000000 1205 0957      535      1
00000138 000000 0357 0087     1102      1
00000138 000001 0357 0088      991      1
00000137 000000 0356 0090      864      2
00000137 000001 0817 1140      517      1
00000137 000002 0817 1141      501      1
00000136 000000 0356 0087     1010      3
00000135 000000 0356 0088     1611      3
00000135 000001 0357 0086     1414      4
00000135 000002 0357 0089     1470      4
00000135 000003 0359 0088     1598      2
00000135 000004 0356 0089     1405      4
00000135 000005 0356 0086     1705      2
00000135 000006 0360 0090     1171      4
00000135 000007 0356 0086     1202      4
00000135 000008 0362 0087      839      4
00000135 000009 0362 0086      904      1
00000135 000010 0364 0090      598      1
00000135 000011 0339 0089      586      1
00000134 000000 0358 0087     1982      5
00000134 000001 0358 0089     1886      4
00000134 000002 0354 0088     1648      4
00000134 000003 0358 0088     1806      5
00000134 000004 0355 0086     2174      2
00000134 000005 0354 0090     1454      4
00000134 000006 0355 0091     1405      4
00000134 000007 0353 0090     1305      4
00000134 000008 0354 0086     1204      3
00000134 000009 0357 0091     1330      4
00000134 000010 0353 0090     1260      1
00000134 000011 0353 0086     1153      1
00000134 000012 0352 0090     1071      1
00000134 000013 0338 0091      704      2
00000134 000014 0337 0091      640      2
00000134 000015 0337 0086      583      2
00000134 000016 0337 0091      625      1
00000134 000017 0362 0085      593      2
00000134 000018 0359 0093      507      1
00000133 000000 0355 0087     1771      6
00000133 000001 0357 0090     2114      6
00000133 000002 0358 0086     1712      6
00000133 000003 0355 0088     1903      5
00000133 000004 0355 0089     1856      5
00000133 000005 0357 0085     1925      6
00000133 000006 0358 0090     2195      5
00000133 000007 0354 0087     2020      4
00000133 000008 0355 0090     1640      6
00000133 000009 0357 0091     2214      4
00000133 000010 0354 0088     1828      6
00000133 000011 0356 0085     2737      3
00000133 000012 0356 0091     2016      5
00000133 000013 0358 0090     1908      5
00000133 000014 0360 0087     2213      2
00000133 000015 0354 0089     1963      6
00000133 000016 0354 0090     1926      4
00000133 000017 0353 0089     1354      6
00000133 000018 0357 0084     1944      2
00000133 000019 0360 0088     2070      3
00000133 000020 0354 0085     1757      2
00000133 000021 0355 0085     1707      2
00000133 000022 0353 0085     1272      2
00000133 000023 0344 0089      694      1
00000133 000024 0337 0083      568      3
00000132 000000 0360 0089     2383      4
00000132 000001 0361 0090     1863      4
00000132 000002 0357 0085     2342      4
00000132 000003 0359 0087     2037      6
00000132 000004 0355 0084     2023      2
00000132 000005 0359 0086     1386      6
00000132 000006 0361 0086     1078      5
00000132 000007 0345 0087     1121      2
00000132 000008 0345 0088     1119      2
00000132 000009 0557 0003     1662      1
00000132 000010 0343 0082      960      2
00000132 000011 0342 0082      887      2
00000132 000012 0556 0003     1256      1
00000132 000013 0345 0092      891      2
00000132 000014 0342 0082     1228      1
00000132 000015 0347 0091     1112      1
00000132 000016 0339 0087      789      4
00000132 000017 0346 0082     1074      1
00000132 000018 0555 0003     1065      1
00000132 000019 0348 0091     1006      1
00000132 000020 0348 0092      961      1
00000132 000021 0347 0082      938      1
00000132 000022 0338 0089      852      4
00000132 000023 0340 0087      740      3
00000132 000024 0340 0091      733      4
00000132 000025 0340 0092      748      4
00000132 000026 0347 0079      822      1
00000132 000027 0349 0080      812      1
00000132 000028 0346 0094      775      1
00000132 000029 0338 0090      681      4
00000132 000030 0353 0093      685      2
00000132 000031 0558 0003      686      1
00000132 000032 0557 0004      637      1
00000132 000033 0345 0094      628      1
00000132 000034 0555 0022      581      1
00000132 000035 0555 0021      569      1
00000132 000036 0343 0092      548      1
00000132 000037 0341 0095      627      4
00000132 000038 0342 0091      501      1
00000131 000000 0352 0089     2179      4
00000131 000001 0354 0091     2486      3
00000131 000002 0352 0088     1913      4
00000131 000003 0352 0087     2427      3
00000131 000004 0354 0084     2019      3
00000131 000005 0358 0092     1802      4
00000131 000006 0352 0086     1944      4
00000131 000007 0348 0089     1577      2
00000131 000008 0348 0086     1408      2
00000131 000009 0347 0085     1512      2
00000131 000010 0349 0090     1434      2
00000131 000011 0348 0087     1440      2
00000131 000012 0347 0084     1497      2
00000131 000013 0348 0083     1393      2
00000131 000014 0348 0084     1293      2
00000131 000015 0352 0085     1803      4
00000131 000016 0353 0087     2040      3
00000131 000017 0348 0081     1304      2
00000131 000018 0345 0091     1417      2
00000131 000019 0349 0092     1253      2
00000131 000020 0362 0091     1055      4
00000131 000021 0350 0080     1016      2
00000131 000022 0350 0092     1009      2
00000131 000023 0351 0086     1487      4
00000131 000024 0343 0090     1056      2
00000131 000025 0346 0079     1024      2
00000131 000026 0342 0088     1215      2
00000131 000027 0350 0086      880      4
00000131 000028 0344 0092      877      2
00000131 000029 0360 0092     1075      8
00000131 000030 0351 0087     1008      2
00000131 000031 0341 0089      936      5
00000131 000032 0356 0093      979      4
00000131 000033 0341 0086      840      2
00000131 000034 0342 0088     1030      3
00000131 000035 0357 0093      907      4
00000131 000036 0354 0093      912      4
00000131 000037 0347 0094      858      2
00000131 000038 0351 0086      914      1
00000131 000039 0348 0095      735      2
00000131 000040 0343 0080      812      2
00000131 000041 0342 0081      741      2
00000131 000042 0341 0082      695      2
00000131 000043 0342 0090      642      2
00000131 000044 0344 0078      691      2
00000131 000045 0347 0076      660      2
00000131 000046 0347 0095      705      2
00000131 000047 0343 0091      711      2
00000131 000048 0348 0095      653      1
00000131 000049 0341 0083      583      2
00000131 000050 0340 0084      755      4
00000131 000051 0345 0077      639      2
00000131 000052 0346 0095      567      2
00000131 000053 0344 0077      572      2
00000131 000054 0347 0095      566      1
00000131 000055 0339 0086      690      4
00000131 000056 0344 0093      523      2
00000131 000057 0345 0076      519      2
00000131 000058 0342 0080      531      2
00000130 000000 0358 0084     1805      8
00000130 000001 0351 0085     2306      2
00000130 000002 0350 0085     2295      2
00000130 000003 0348 0085     2684      2
00000130 000004 0349 0083     2461      2
00000130 000005 0350 0085     1329      5
00000130 000006 0354 0083     2013      4
00000130 000007 0349 0087     2414      2
00000130 000008 0350 0088     2159      2
00000130 000009 0351 0085     1606      5
00000130 000010 0348 0087     2783      2
00000130 000011 0352 0084     1967      2
00000130 000012 0350 0087     2116      2
00000130 000013 0350 0083     2047      2
00000130 000014 0359 0091     2101      5
00000130 000015 0347 0089     2034      3
00000130 000016 0351 0084     1254      5
00000130 000017 0350 0084     3050      1
00000130 000018 0351 0081     1817      2
00000130 000019 0350 0082     1907      2
00000130 000020 0352 0084     1514      5
00000130 000021 0351 0080     1759      2
00000130 000022 0347 0080     1622      3
00000130 000023 0351 0079     1372      2
00000130 000024 0355 0084     1569      5
00000130 000025 0348 0093     1284      3
00000130 000026 0348 0077     1111      2
00000130 000027 0352 0078      869      3
00000130 000028 0353 0084     1143      4
00000130 000029 0342 0084     1151      4
00000130 000030 0348 0094      784      3
00000130 000031 0342 0088      784      2
00000130 000032 0346 0077      716      3
00000130 000033 0344 0079      738      3
00000130 000034 0344 0091      833      3
00000130 000035 0345 0078      790      3
00000130 000036 0362 0091      877      6
00000130 000037 0347 0076      620      2
00000130 000038 0345 0093      700      3
00000130 000039 0346 0093      879      3
00000130 000040 0342 0089      994      4
00000130 000041 0341 0085      813      3
00000129 000000 0351 0082     3036      2
00000129 000001 0352 0083     2552      2
00000129 000002 0348 0080     1996      4
00000129 000003 0346 0090     1724      4
00000129 000004 0351 0093     1266      2
00000129 000005 0353 0080     1220      2
00000129 000006 0345 0089     1441      4
00000129 000007 0344 0086     1255      3
00000129 000008 0353 0079      967      2
00000129 000009 0343 0085     1442      5
00000129 000010 0343 0086     1368      5
00000129 000011 0344 0082     1234      4
00000129 000012 0347 0078     1204      4
00000129 000013 0345 0080     1253      4
00000129 000014 0347 0092     1293      4
00000129 000015 0345 0090     1196      4
00000129 000016 0351 0078      960      4
00000129 000017 0343 0088     1339      5
00000129 000018 0346 0091     1118      4
00000129 000019 0343 0087     1316      5
00000129 000020 0346 0092     1318      4
00000129 000021 0351 0094      827      4
00000129 000022 0344 0081      871      2
00000129 000023 0348 0077      852      4
00000129 000024 0343 0084     1200      5
00000129 000025 0349 0077      990      4
00000129 000026 0351 0077      864      2
00000129 000027 0344 0090     1005      5
00000129 000028 0343 0089     1167      5
00000129 000029 0343 0083     1007      4
00000129 000030 0349 0094      690      2
00000129 000031 0344 0080      884      4
00000129 000032 0349 0094      877      4
00000129 000033 0346 0078      892      4
00000129 000034 0342 0085     1028      5
00000129 000035 0342 0084      641      2
00000129 000036 0345 0079      890      3
00000129 000037 0344 0081     1053      4
00000129 000038 0351 0077      748      4
00000129 000039 0342 0086     1056      5
00000129 000040 0342 0087     1041      5
00000129 000041 0342 0083      952      4
00000129 000042 0347 0077      814      4
00000129 000043 0347 0093      888      4
00000129 000044 0349 0076      654      4
00000129 000045 0343 0081      916      4
00000128 000000 0348 0088     3160      4
00000128 000001 0356 0084     2459      7
00000128 000002 0353 0082     2572      2
00000128 000003 0354 0083     1595      7
00000128 000004 0351 0092     1618      5
00000128 000005 0346 0088     2214      5
00000128 000006 0347 0090     2093      5
00000128 000007 0349 0079     1663      5
00000128 000008 0345 0086     1837      4
00000128 000009 0345 0084     1585      2
00000128 000010 0345 0085     2044      5
00000128 000011 0346 0089     1831      5
00000128 000012 0346 0081     1699      5
00000128 000013 0348 0079     1517      5
00000128 000014 0345 0083     1628      4
00000128 000015 0350 0078     1272      5
00000128 000016 0345 0082     1301      4
00000128 000017 0349 0078     1098      3
00000128 000018 0346 0080     1396      5
00000128 000019 0348 0078     1133      5
00000128 000020 0352 0078      922      3
00000128 000021 0344 0087     1218      4
00000128 000022 0350 0077      804      5
00000128 000023 0348 0091      772      1
00000128 000024 0346 0089     1759      3
00000128 000025 0344 0083     1344      5
00000128 000026 0345 0081     1345      5
00000128 000027 0345 0084     1776      5
00000128 000028 0346 0090      746      2
00000128 000029 0344 0085     1357      6
00000128 000030 0909 1150      570      1
00000128 000031 0344 0088     1070      4
00000128 000032 0907 1153      510      2
00000127 000000 0354 0082     2034      4
00000127 000001 0358 0085     2972      9
00000127 000002 0353 0081     2013      4
00000127 000003 0355 0082     1397      4
00000127 000004 0350 0081     2686      5
00000127 000005 0353 0091     2514      7
00000127 000006 0356 0084     1892      8
00000127 000007 0350 0090     2383      6
00000127 000008 0355 0082     1506      3
00000127 000009 0351 0091     1746      7
00000127 000010 0352 0091     2065      7
00000127 000011 0356 0083     1624      6
00000127 000012 0353 0092     1536      8
00000127 000013 0355 0092     2700      8
00000127 000014 0348 0082     1565      4
00000127 000015 0349 0081     2430      6
00000127 000016 0356 0092     2882      8
00000127 000017 0359 0083     1145     10
00000127 000018 0347 0088     2346      6
00000127 000019 0346 0085     2103      5
00000127 000020 0360 0084     1091      9
00000127 000021 0348 0082     1170      1
00000127 000022 0349 0081     1027      1
00000127 000023 0346 0084     2279      6
00000127 000024 0346 0083     2040      5
00000127 000025 0346 0086     1810      4
00000127 000026 0351 0080     1121      4
00000127 000027 0350 0079     1474      6
00000127 000028 0347 0081     1812      6
00000127 000029 0346 0087     2129      6
00000127 000030 0347 0083     2110      5
00000126 000000 0351 0090     1931      7
00000126 000001 0354 0081     2247      4
00000126 000002 0360 0083     2292      2
00000126 000003 0359 0086     2466     12
00000126 000004 0354 0088     3803      1
00000126 000005 0351 0089     2478      7
00000126 000006 0355 0085     3449      1
00000126 000007 0356 0092     1791      2
00000126 000008 0357 0092     1746      2
00000126 000009 0358 0090     2924      2
00000126 000010 0361 0089     2419     10
00000126 000011 0362 0087     1819     10
00000126 000012 0360 0087     2593      8
00000126 000013 0360 0088     2867      3
00000126 000014 0356 0082     1878      2
00000126 000015 0361 0085     1299      2
00000126 000016 0361 0090     1235      2
00000126 000017 0360 0084     1157      7
00000126 000018 0361 0086     1791      9
00000126 000019 0361 0085     1323     10
00000126 000020 0359 0083     1186      2
00000126 000021 0357 0082     1439      2
00000126 000022 0361 0085      889      3
00000126 000023 0355 0092      938      2
00000126 000024 0365 0090      684      4
00000125 000000 0361 0089     2999      2
00000125 000001 0360 0089     2544      2
00000125 000002 0359 0089     3054      3
00000125 000003 0354 0092     2006      3
00000125 000004 0359 0081     1342      5
00000125 000005 0356 0081     2327      3
00000125 000006 0350 0089     2442      9
00000125 000007 0352 0092     1441      8
00000125 000008 0358 0081     1685      2
00000125 000009 0359 0091     1701     10
00000125 000010 0355 0093     1042      8
00000125 000011 0354 0092     1794      9
00000125 000012 0357 0080     1397      1
00000125 000013 0353 0092     1490      3
00000125 000014 0352 0092     1320      9
00000125 000015 0354 0086      873      1
00000124 000000 0360 0082     1610      6
00000124 000001 0350 0086     3316      6
00000124 000002 0358 0079     2357      2
00000124 000003 0352 0094     2362      2
00000124 000004 0350 0091     2169      8
00000124 000005 0354 0095     1951      2
00000124 000006 0359 0080     2114      2
00000124 000007 0357 0093     1725      4
00000124 000008 0352 0092     1575      6
00000124 000009 0355 0079     1674      2
00000124 000010 0354 0094     1629      2
00000124 000011 0350 0091     1998      9
00000124 000012 0350 0092     1905      1
00000124 000013 0353 0094     1355      2
00000124 000014 0357 0093     1856      3
00000123 000000 0353 0079     2535      2
00000123 000001 0352 0095     2195      2
00000123 000002 0351 0082     2536      9
00000123 000003 0356 0095     2387      2
00000123 000004 0349 0089     1796      4
00000123 000005 0348 0090     1770      7
00000123 000006 0352 0079     1154      8
00000123 000007 0355 0078     2017      2
00000123 000008 0349 0091     1823     10
00000123 000009 0353 0079     1358      5
00000123 000010 0348 0088     2010     10
00000123 000011 0358 0078     1725      2
00000123 000012 0349 0093     1288      8
00000123 000013 0356 0078     2018      2
00000123 000014 0350 0094     1208      8
00000123 000015 0361 0079     1591      2
00000123 000016 0363 0085     1530      4
00000123 000017 0363 0086     1602      6
00000123 000018 0358 0077     1468      2
00000123 000019 0363 0085     1141      6
00000123 000020 0352 0096     2160      1
00000123 000021 0360 0092     1050      4
00000123 000022 0361 0091     1130     16
00000123 000023 0363 0088     1606     10
00000123 000024 0350 0081     1883      7
00000123 000025 0350 0095     1913      1
00000123 000026 0358 0077     1900      1
00000123 000027 0351 0080     1794      1
00000123 000028 0356 0078     1761      3
00000123 000029 0360 0078     1455      1
00000123 000030 0353 0077     1136      1
00000122 000000 0351 0096     3129      2
00000122 000001 0354 0097     2843      2
00000122 000002 0358 0095     2622      2
00000122 000003 0352 0079     2949      2
00000122 000004 0349 0087     2628      4
00000122 000005 0362 0079     2512      2
00000122 000006 0355 0097     2381      2
00000122 000007 0350 0096     2515      2
00000122 000008 0360 0094     2122      2
00000122 000009 0348 0093     2471      2
00000122 000010 0350 0083     2827      2
00000122 000011 0359 0076     2064      2
00000122 000012 0354 0076     2068      2
00000122 000013 0363 0079     1853      2
00000122 000014 0353 0087     3468      4
00000122 000015 0354 0098     1798      2
00000122 000016 0360 0076     1702      2
00000122 000017 0352 0098     1633      2
00000122 000018 0357 0075     1586      2
00000122 000019 0364 0084     1612      2
00000122 000020 0348 0084     2774      7
00000122 000021 0350 0097     1593      2
00000122 000022 0363 0078     1448      2
00000122 000023 0359 0076     2328      1
00000122 000024 0364 0084     2291      1
00000122 000025 0350 0078     1343      2
00000122 000026 0349 0096     1318      2
00000122 000027 0350 0097     1512      1
00000121 000000 0351 0098     2853      2
00000121 000001 0352 0076     2865      2
00000121 000002 0361 0093     2315      3
00000121 000003 0347 0094     2664      2
00000121 000004 0354 0075     2788      2
00000121 000005 0355 0075     2846      2
00000121 000006 0353 0091     4259      1
00000121 000007 0346 0091     2663      2
00000121 000008 0355 0081     2116      8
00000121 000009 0350 0083     2707      6
00000121 000010 0349 0097     2303      2
00000121 000011 0363 0081     2934      3
00000121 000012 0346 0090     2619      2
00000121 000013 0346 0092     2515      2
00000121 000014 0353 0082     2882      9
00000121 000015 0348 0084     1626      5
00000121 000016 0349 0079     2488      2
00000121 000017 0346 0089     2425      2
00000121 000018 0361 0094     2306      2
00000121 000019 0352 0099     2127      2
00000121 000020 0349 0078     2012      2
00000121 000021 0350 0077     2044      2
00000121 000022 0353 0099     2119      2
00000121 000023 0347 0087     2064     10
00000121 000024 0356 0098     2143      2
00000121 000025 0351 0099     1993      2
00000121 000026 0360 0075     2138      2
00000121 000027 0349 0079     1858      3
00000121 000028 0352 0090     3342      1
00000121 000029 0347 0084     2153      2
00000121 000030 0348 0080     1894      2
00000121 000031 0358 0074     1965      2
00000121 000032 0357 0074     1975      2
00000121 000033 0355 0074     1855      2
00000121 000034 0354 0099     1901      2
00000121 000035 0351 0084     3229      2
00000121 000036 0346 0087     1696      3
00000121 000037 0361 0095     1905      2
00000121 000038 0346 0088     2156      2
00000121 000039 0365 0085     1923      2
00000121 000040 0348 0097     1744      2
00000121 000041 0348 0081     2003      2
00000121 000042 0346 0090     1775      3
00000121 000043 0354 0074     1713      2
00000121 000044 0364 0090     1717      2
00000121 000045 0346 0084     1680      2
00000121 000046 0359 0074     1695      2
00000121 000047 0348 0081     1530      3
00000121 000048 0347 0096     1622      2
00000121 000049 0364 0078     1773      2
00000121 000050 0346 0087     2700      1
00000121 000051 0346 0091     1717      3
00000121 000052 0365 0081     1842      2
00000121 000053 0357 0098     1631      2
00000121 000054 0355 0099     1563      2
00000121 000055 0352 0086     2978      2
00000121 000056 0358 0082     2669      5
00000121 000057 0348 0097     2320      1
00000121 000058 0360 0074     1461      2
00000121 000059 0362 0075     1387      2
00000121 000060 0362 0095     1359      2
00000121 000061 0361 0074     1313      2
00000121 000062 0347 0096     2036      1
00000121 000063 0352 0088     2625      2
00000121 000064 0346 0092     1393      3
00000121 000065 0346 0094     1628      1
00000121 000066 0353 0089     1603      1
00000121 000067 0351 0075     1429      1
00000121 000068 0354 0082     1151      1
00000121 000069 0357 0081     1090      1
00000121 000070 0352 0088      783      1
00000120 000000 0345 0090     2825      2
00000120 000001 0346 0088     2324      4
00000120 000002 0362 0094     2607      3
00000120 000003 0345 0088     2733      2
00000120 000004 0355 0075     2371      4
00000120 000005 0360 0087     3606      2
00000120 000006 0362 0093     2758      3
00000120 000007 0363 0092     2570      3
00000120 000008 0361 0076     2743      3
00000120 000009 0346 0085     2623      2
00000120 000010 0356 0099     2489      2
00000120 000011 0346 0084     2771      2
00000120 000012 0361 0096     2462      2
00000120 000013 0357 0099     2278      2
00000120 000014 0347 0084     1982      4
00000120 000015 0345 0095     2178      2
00000120 000016 0363 0082     3042      4
00000120 000017 0344 0092     2092      2
00000120 000018 0357 0079     2783      4
00000120 000019 0344 0093     1965      2
00000120 000020 0359 0091     3139      5
00000120 000021 0366 0086     2230      2
00000120 000022 0350 0074     1906      2
00000120 000023 0344 0094     1839      2
00000120 000024 0358 0085     2823      3
00000120 000025 0366 0088     1970      2
00000120 000026 0366 0087     2043      2
00000120 000027 0360 0085     2756      2
00000120 000028 0345 0096     1737      2
00000120 000029 0363 0095     1660      2
00000120 000030 0366 0090     1690      2
00000120 000031 0365 0090     2000      2
00000120 000032 0365 0092     1738      2
00000120 000033 0358 0080     2591      4
00000120 000034 0352 0101     1711      2
00000120 000035 0357 0092     2455     13
00000120 000036 0343 0091     1626      2
00000120 000037 0359 0091     2696      1
00000120 000038 0366 0089     1806      2
00000120 000039 0348 0100     1584      2
00000120 000040 0352 0081     2682     11
00000120 000041 0343 0089     1613      2
00000120 000042 0356 0093     2415      5
00000120 000043 0351 0101     1600      2
00000120 000044 0347 0077     1632      2
00000120 000045 0349 0101     1500      2
00000120 000046 0350 0101     1518      2
00000120 000047 0355 0101     1491      2
00000120 000048 0343 0088     1539      2
00000120 000049 0361 0073     1621      2
00000120 000050 0354 0101     1503      2
00000120 000051 0355 0089     1756      2
00000120 000052 0355 0080     2406      4
00000120 000053 0343 0090     1511      2
00000120 000054 0358 0086     2405      1
00000120 000055 0345 0097     1457      2
00000120 000056 0357 0087     2469      2
00000120 000057 0344 0085     1492      2
00000120 000058 0348 0075     1454      2
00000120 000059 0358 0084     1825      2
00000120 000060 0359 0099     1449      2
00000120 000061 0356 0090     1709      2
00000120 000062 0349 0074     1395      2
00000120 000063 0356 0072     1518      2
00000120 000064 0344 0084     1335      2
00000120 000065 0354 0090     1840      2
00000120 000066 0351 0083     3024     11
00000120 000067 0351 0073     1325      2
00000120 000068 0346 0079     1399      2
00000120 000069 0351 0091     2772     10
00000120 000070 0345 0082     1436      2
00000120 000071 0343 0086     1284      2
00000120 000072 0345 0081     1285      2
00000120 000073 0345 0080     1273      2
00000120 000074 0357 0079     1930      1
00000120 000075 0356 0091     2011      2
00000120 000076 0359 0099     1873      1
00000120 000077 0363 0096     1173      2
00000120 000078 0360 0072     1132      2
00000120 000079 0359 0081     2371      4
00000120 000080 0362 0073     1084      2
00000120 000081 0359 0083     1493      2
00000120 000082 0351 0089     2240      2
00000120 000083 0358 0084     2352      3
00000120 000084 0356 0087     1500      2
00000120 000085 0357 0084     2178      3
00000120 000086 0356 0086     1576      2
00000120 000087 0359 0082     1956      7
00000120 000088 0346 0100      870      1
00000120 000089 0348 0074      807      1
00000120 000090 0353 0082     1513      2
00000120 000091 0359 0081      662      1
00000120 000092 0355 0086      534      1
00000119 000000 0355 0100     2905      3
00000119 000001 0358 0098     2860      3
00000119 000002 0350 0100     2715      3
00000119 000003 0349 0100     2447      3
00000119 000004 0356 0075     3382      4
00000119 000005 0348 0100     2699      2
00000119 000006 0362 0088     2129     17
00000119 000007 0366 0088     2676      2
00000119 000008 0363 0075     2191      3
00000119 000009 0360 0099     2081      2
00000119 000010 0362 0097     2124      2
00000119 000011 0349 0081     2605      5
00000119 000012 0354 0102     1975      2
00000119 000013 0343 0088     2355      2
00000119 000014 0358 0094     2563      4
00000119 000015 0364 0076     1686      3
00000119 000016 0363 0076     2072      4
00000119 000017 0359 0093     2956      3
00000119 000018 0365 0093     1911      2
00000119 000019 0346 0078     2383      2
00000119 000020 0365 0085     2268      3
00000119 000021 0357 0071     2153      2
00000119 000022 0363 0097     1851      2
00000119 000023 0353 0095     2419      5
00000119 000024 0367 0087     2041      2
00000119 000025 0356 0071     1821      2
00000119 000026 0343 0087     2014      2
00000119 000027 0355 0071     2115      2
00000119 000028 0358 0071     1866      2
00000119 000029 0360 0071     1662      2
00000119 000030 0346 0079     2374      2
00000119 000031 0359 0071     2035      2
00000119 000032 0343 0085     1881      2
00000119 000033 0343 0086     2112      2
00000119 000034 0354 0089     1779      3
00000119 000035 0345 0080     2224      2
00000119 000036 0345 0079     1827      2
00000119 000037 0357 0094     2505      4
00000119 000038 0358 0094     3202      5
00000119 000039 0358 0101     1730      2
00000119 000040 0346 0077     1747      2
00000119 000041 0351 0094     1751      9
00000119 000042 0364 0077     1660      4
00000119 000043 0361 0071     1576      2
00000119 000044 0345 0081     2123      2
00000119 000045 0367 0086     1840      2
00000119 000046 0364 0077     2369      3
00000119 000047 0366 0084     1670      4
00000119 000048 0354 0095     2236      4
00000119 000049 0349 0089     2200      8
00000119 000050 0344 0083     1764      2
00000119 000051 0355 0071     1571      3
00000119 000052 0357 0070     1545      2
00000119 000053 0353 0071     1569      2
00000119 000054 0365 0078     1998      3
00000119 000055 0349 0085     2127      2
00000119 000056 0351 0094     2393      1
00000119 000057 0355 0095     2138      4
00000119 000058 0350 0092     2887      2
00000119 000059 0367 0084     1678      3
00000119 000060 0363 0079     2808      4
00000119 000061 0354 0078     2302      3
00000119 000062 0362 0071     1429      2
00000119 000063 0349 0088     2674     10
00000119 000064 0365 0076     1677      2
00000119 000065 0368 0082     1378      2
00000119 000066 0364 0097     1333      2
00000119 000067 0367 0082     1567      3
00000119 000068 0354 0095     2106      1
00000119 000069 0352 0071     1444      2
00000119 000070 0366 0078     1625      2
00000119 000071 0357 0090     2282      3
00000119 000072 0368 0087     1348      2
00000119 000073 0366 0077     1291      2
00000119 000074 0349 0087     2481      8
00000119 000075 0366 0094     1310      2
00000119 000076 0368 0086     1336      2
00000119 000077 0356 0070     1298      2
00000119 000078 0362 0083     1976      5
00000119 000079 0353 0103     1327      2
00000119 000080 0349 0072     1331      2
00000119 000081 0366 0081     1564      3
00000119 000082 0357 0083     2338      3
00000119 000083 0360 0101     1158      2
00000119 000084 0350 0071     1153      2
00000119 000085 0365 0073     1129      2
00000119 000086 0342 0094     1227      2
00000119 000087 0368 0090     1094      2
00000119 000088 0367 0092     1151      2
00000119 000089 0362 0085     2213      7
00000119 000090 0361 0084     1118      2
00000119 000091 0359 0078     2005      4
00000119 000092 0358 0090     1558      2
00000119 000093 0355 0084     1778      3
00000119 000094 0361 0080     2761      5
00000119 000095 0349 0085     3054      8
00000119 000096 0354 0084     1662      4
00000119 000097 0357 0078     1731      4
00000119 000098 0365 0073     1178      1
00000119 000099 0360 0080     1525      2
00000119 000100 0360 0079     2416      5
00000119 000101 0359 0083      888      2
00000119 000102 0359 0089     1787      3
00000119 000103 0359 0079     2575      5
00000119 000104 0358 0082      803      2
00000119 000105 0361 0084     1499     16
00000119 000106 0358 0091     1481      2
00000119 000107 0356 0093      985      2
00000119 000108 0355 0078      737      1
00000119 000109 0358 0092     1545     15
00000119 000110 0359 0085     1333      3
00000119 000111 0362 0085      671      1
00000119 000112 0358 0078      611      1
00000119 000113 0358 0081      998      3
00000118 000000 0345 0097     2897      3
00000118 000001 0351 0101     3010      3
00000118 000002 0350 0101     2879      3
00000118 000003 0352 0102     2441      3
00000118 000004 0351 0102     2519      3
00000118 000005 0344 0095     2477      3
00000118 000006 0345 0098     2331      3
00000118 000007 0355 0101     2596      3
00000118 000008 0344 0096     2442      3
00000118 000009 0343 0094     2339      3
00000118 000010 0343 0091     2687      3
00000118 000011 0349 0095     2660      5
00000118 000012 0353 0102     2342      3
00000118 000013 0346 0089     2405      5
00000118 000014 0348 0094     2813      4
00000118 000015 0344 0087     2722      3
00000118 000016 0348 0095     2551      5
00000118 000017 0342 0090     2144      3
00000118 000018 0354 0072     1875      4
00000118 000019 0342 0091     2060      3
00000118 000020 0353 0072     1815      4
00000118 000021 0354 0071     2139      3
00000118 000022 0342 0089     2067      3
00000118 000023 0347 0076     1753      4
00000118 000024 0355 0102     2120      3
00000118 000025 0347 0088     2721      6
00000118 000026 0342 0088     1986      3
00000118 000027 0351 0072     2055      3
00000118 000028 0347 0089     2863      6
00000118 000029 0347 0093     2530      4
00000118 000030 0347 0076     2415      3
00000118 000031 0355 0070     1817      2
00000118 000032 0361 0098     1773      4
00000118 000033 0346 0080     2072      4
00000118 000034 0353 0072     2303      3
00000118 000035 0357 0097     2748      5
00000118 000036 0347 0093     2999      4
00000118 000037 0362 0072     1414      4
00000118 000038 0352 0076     2463      6
00000118 000039 0351 0071     1997      2
00000118 000040 0352 0077     2257      4
00000118 000041 0346 0081     2056      4
00000118 000042 0353 0097     2312      4
00000118 000043 0358 0100     1727      4
00000118 000044 0345 0083     1975      4
00000118 000045 0362 0072     1722      3
00000118 000046 0358 0100     2337      3
00000118 000047 0345 0078     1849      2
00000118 000048 0363 0073     1899      3
00000118 000049 0344 0098     1621      3
00000118 000050 0350 0078     2623      4
00000118 000051 0344 0081     1852      3
00000118 000052 0343 0084     1843      3
00000118 000053 0344 0082     1803      3
00000118 000054 0351 0078     2057      4
00000118 000055 0349 0080     2604      6
00000118 000056 0358 0075     2894      5
00000118 000057 0346 0082     2246      3
00000118 000058 0351 0077     2465      6
00000118 000059 0359 0102     1489      2
00000118 000060 0348 0091     2866      5
00000118 000061 0349 0094     2683      4
00000118 000062 0347 0094     2493      5
00000118 000063 0350 0079     2798      6
00000118 000064 0350 0096     2135      1
00000118 000065 0343 0097     1667      2
00000118 000066 0355 0076     2165      4
00000118 000067 0365 0087     1893      5
00000118 000068 0364 0074     1710      3
00000118 000069 0341 0088     1558      2
00000118 000070 0358 0076     2861      5
00000118 000071 0366 0095     1527      2
00000118 000072 0349 0103     1631      2
00000118 000073 0353 0104     1329      2
00000118 000074 0347 0102     1584      2
00000118 000075 0348 0090     2290      2
00000118 000076 0364 0087     1959      6
00000118 000077 0359 0069     1313      2
00000118 000078 0366 0092     1723      3
00000118 000079 0347 0086     2327     12
00000118 000080 0356 0076     2785      5
00000118 000081 0352 0078     2671      5
00000118 000082 0348 0082     2320      6
00000118 000083 0368 0092     1348      2
00000118 000084 0369 0083     1338      2
00000118 000085 0350 0070     1162      2
00000118 000086 0364 0098     1246      2
00000118 000087 0348 0092     3016      5
00000118 000088 0347 0085     2354      6
00000118 000089 0343 0080     1376      2
00000118 000090 0348 0085     2440      6
00000118 000091 0351 0079     1698      4
00000118 000092 0357 0076     2673      5
00000118 000093 0347 0082     2282      3
00000118 000094 0367 0083     1456      4
00000118 000095 0351 0096     1663      1
00000118 000096 0356 0096     1870      4
00000118 000097 0370 0088     1150      2
00000118 000098 0348 0088     2781      6
00000118 000099 0347 0086     2277      6
00000118 000100 0366 0074     1242      2
00000118 000101 0365 0074     1506      2
00000118 000102 0369 0090     1170      2
00000118 000103 0347 0085     2464      5
00000118 000104 0349 0082     2273     11
00000118 000105 0350 0080     2047      2
00000118 000106 0348 0083     2290      6
00000118 000107 0355 0096     1833      4
00000118 000108 0363 0083     2227      7
00000118 000109 0354 0077     2616      5
00000118 000110 0350 0080     2334      6
00000118 000111 0366 0075     1163      2
00000118 000112 0365 0082     1957      5
00000118 000113 0350 0095     1433      1
00000118 000114 0347 0083     2067      4
00000118 000115 0368 0081     1176      2
00000118 000116 0360 0077     2555      6
00000118 000117 0361 0086     1698      9
00000118 000118 0369 0085     1121      2
00000118 000119 0369 0086     1168      2
00000118 000120 0366 0076     1403      2
00000118 000121 0362 0077     2319      5
00000118 000122 0366 0080     1271      4
00000118 000123 0365 0076     1306      4
00000118 000124 0366 0073     1100      2
00000118 000125 0369 0087     1149      2
00000118 000126 0360 0088     1877      4
00000118 000127 0366 0082     1750      4
00000118 000128 0363 0100      961      2
00000118 000129 0360 0092     1185      2
00000118 000130 0366 0077     1246      2
00000118 000131 0349 0092     1699      2
00000118 000132 0367 0078      953      2
00000118 000133 0363 0069      942      2
00000118 000134 0370 0089      921      2
00000118 000135 0369 0092      980      2
00000118 000136 0365 0081     1812      4
00000118 000137 0369 0082      964      2
00000118 000138 0353 0078     1570      2
00000118 000139 0361 0077     2264      6
00000118 000140 0362 0078     1952      5
00000118 000141 0361 0081     2145      6
00000118 000142 0368 0077      891      2
00000118 000143 0355 0091     1738      4
00000118 000144 0360 0088     1836      3
00000118 000145 0359 0077     2166      4
00000118 000146 0355 0077     2651      5
00000118 000147 0369 0079      803      2
00000118 000148 0367 0072      773      2
00000118 000149 0350 0081     1366      2
00000118 000150 0370 0087      845      2
00000118 000151 0369 0080      746      2
00000118 000152 0357 0094     1327      2
00000118 000153 0357 0076      952      1
00000118 000154 0356 0077     1149      2
00000118 000155 0355 0092     1558      4
00000118 000156 0353 0085     1477      4
00000118 000157 0367 0074      774      2
00000118 000158 0362 0086     2390      8
00000118 000159 0358 0076      896      1
00000118 000160 0368 0078      736      2
00000118 000161 0368 0075      770      2
00000118 000162 0355 0088      951      3
00000118 000163 0369 0076      706      2
00000118 000164 0359 0090     1234      3
00000118 000165 0369 0081      797      2
00000118 000166 0356 0092      746      3
00000118 000167 0349 0082     2281      6
00000118 000168 0349 0091     1125      2
00000118 000169 0369 0078      694      2
00000118 000170 0369 0077      771      2
00000118 000171 0353 0078     2583      5
00000118 000172 0361 0083     1471      9
00000118 000173 0357 0095     2104      4
00000118 000174 0370 0081      637      2
00000118 000175 0368 0080      823      3
00000118 000176 0360 0081      773      3
00000118 000177 0348 0086     2328     10
00000118 000178 0357 0095     2189      6
00000118 000179 0351 0079      619      1
00000118 000180 0368 0079      757      3
00000118 000181 0367 0079      543      1
00000118 000182 0348 0090     2443      5
00000118 000183 0354 0078      770      2
00000117 000000 0341 0091     1749      4
00000117 000001 0342 0097     1748      2
00000117 000002 0342 0098     1786      2
00000117 000003 0344 0099     1677      4
00000117 000004 0341 0089     1673      4
00000117 000005 0341 0096     1687      2
00000117 000006 0348 0103     1995      2
00000117 000007 0341 0095     1628      2
00000117 000008 0344 0097     2374      4
00000117 000009 0340 0092     1611      2
00000117 000010 0342 0096     2161      2
00000117 000011 0340 0089     1624      2
00000117 000012 0341 0092     1619      4
00000117 000013 0341 0093     2012      2
00000117 000014 0347 0102     1538      4
00000117 000015 0349 0103     1623      4
00000117 000016 0345 0075     1540      2
00000117 000017 0341 0090     1961      3
00000117 000018 0346 0103     1501      2
00000117 000019 0347 0103     1555      2
00000117 000020 0347 0073     1383      4
00000117 000021 0340 0088     1518      2
00000117 000022 0342 0087     1549      4
00000117 000023 0348 0072     1868      3
00000117 000024 0342 0094     2027      3
00000117 000025 0351 0103     1526      4
00000117 000026 0345 0076     1814      2
00000117 000027 0346 0073     1514      3
00000117 000028 0341 0089     1833      3
00000117 000029 0352 0104     1471      4
00000117 000030 0345 0094     2680      5
00000117 000031 0351 0071     1489      4
00000117 000032 0353 0073     2335      5
00000117 000033 0347 0071     1359      2
00000117 000034 0351 0070     1683      3
00000117 000035 0343 0081     1354      4
00000117 000036 0352 0070     1744      3
00000117 000037 0352 0104     1675      3
00000117 000038 0342 0085     1342      4
00000117 000039 0341 0084     1379      2
00000117 000040 0342 0080     1309      2
00000117 000041 0355 0103     1454      4
00000117 000042 0353 0100     2729      5
00000117 000043 0341 0085     1407      3
00000117 000044 0356 0101     2129      4
00000117 000045 0360 0101     1555      3
00000117 000046 0356 0103     1399      4
00000117 000047 0342 0084     1364      4
00000117 000048 0357 0071     1719      5
00000117 000049 0356 0104     1529      2
00000117 000050 0343 0079     1320      2
00000117 000051 0356 0069     1546      3
00000117 000052 0358 0070     1406      4
00000117 000053 0359 0101     1395      4
00000117 000054 0348 0077     2213      5
00000117 000055 0357 0103     1453      3
00000117 000056 0343 0083     1263      4
00000117 000057 0357 0100     2279      4
00000117 000058 0361 0100     1572      3
00000117 000059 0342 0081     1350      3
00000117 000060 0350 0105     1149      2
00000117 000061 0351 0074     2418      5
00000117 000062 0343 0082     1457      4
00000117 000063 0359 0070     1811      4
00000117 000064 0362 0096     2116      5
00000117 000065 0360 0096     2285      6
00000117 000066 0353 0069     1420      2
00000117 000067 0353 0068     1316      2
00000117 000068 0355 0068     1418      2
00000117 000069 0361 0099     1809      4
00000117 000070 0344 0077     1385      2
00000117 000071 0344 0077     1140      3
00000117 000072 0363 0072     1442      2
00000117 000073 0353 0105     1274      2
00000117 000074 0358 0072     2198      4
00000117 000075 0358 0073     2388      5
00000117 000076 0349 0098     2043      3
00000117 000077 0356 0068     1157      3
00000117 000078 0345 0086     2308      5
00000117 000079 0353 0074     2500      5
00000117 000080 0367 0092     1505      3
00000117 000081 0366 0093     1582      3
00000117 000082 0360 0068     1135      3
00000117 000083 0347 0080     2220      5
00000117 000084 0342 0099     1455      1
00000117 000085 0366 0096     1328      3
00000117 000086 0359 0073     2150      5
00000117 000087 0346 0082     1707      4
00000117 000088 0342 0079      968      2
00000117 000089 0367 0094     1401      3
00000117 000090 0367 0091     1448      4
00000117 000091 0365 0099      962      2
00000117 000092 0364 0100     1172      2
00000117 000093 0361 0068     1041      3
00000117 000094 0359 0104      941      2
00000117 000095 0368 0090     1402      3
00000117 000096 0359 0097     2349      6
00000117 000097 0359 0096     2165      6
00000117 000098 0349 0077     2357      5
00000117 000099 0350 0076     2330      5
00000117 000100 0366 0084     1749      5
00000117 000101 0351 0098     1754      5
00000117 000102 0367 0096     1151      2
00000117 000103 0358 0099     2065      5
00000117 000104 0339 0088     1243      1
00000117 000105 0341 0099     1233      1
00000117 000106 0361 0074     2201      5
00000117 000107 0364 0070      959      3
00000117 000108 0366 0083     1193      4
00000117 000109 0345 0103     1206      1
00000117 000110 0368 0087     1349      3
00000117 000111 0366 0091     1533      5
00000117 000112 0368 0089     1098      4
00000117 000113 0362 0074     1982      5
00000117 000114 0365 0091     1973      5
00000117 000115 0355 0099     2668      5
00000117 000116 0362 0091     1854      5
00000117 000117 0360 0074     2307      5
00000117 000118 0348 0097     1112      1
00000117 000119 0350 0098     1909      4
00000117 000120 0361 0075     1800      5
00000117 000121 0363 0074     1472      5
00000117 000122 0341 0078     1055      1
00000117 000123 0368 0095      947      2
00000117 000124 0338 0087     1046      1
00000117 000125 0357 0098     2467      5
00000117 000126 0355 0098     2450      5
00000117 000127 0346 0083     2044      5
00000117 000128 0365 0071     1003      3
00000117 000129 0364 0082     1769      4
00000117 000130 0367 0081     1221      4
00000117 000131 0342 0076     1027      1
00000117 000132 0365 0070     1007      2
00000117 000133 0362 0090     1297     16
00000117 000134 0363 0088     1434      5
00000117 000135 0357 0073     2374      4
00000117 000136 0369 0094      746      2
00000117 000137 0365 0080     1379      6
00000117 000138 0364 0081     1932      6
00000117 000139 0343 0103      953      1
00000117 000140 0348 0079     2099      4
00000117 000141 0356 0073     2381      4
00000117 000142 0356 0085      891      3
00000117 000143 0363 0084     1062      2
00000117 000144 0363 0085     1623      5
00000117 000145 0359 0074     2424      5
00000117 000146 0352 0081      915      3
00000117 000147 0363 0082     2109      7
00000117 000148 0366 0071      793      3
00000117 000149 0365 0086     1864      6
00000117 000150 0360 0091     2060     15
00000117 000151 0363 0089     1387     18
00000117 000152 0360 0092     1485      7
00000117 000153 0352 0098     1669      4
00000117 000154 0358 0097     2127      5
00000117 000155 0358 0088     1203      2
00000117 000156 0342 0074      879      1
00000117 000157 0369 0091     1001      2
00000117 000158 0366 0072      907      3
00000117 000159 0353 0093      843      4
00000117 000160 0354 0098     2225      5
00000117 000161 0351 0082     2094      8
00000117 000162 0364 0073     1304      4
00000117 000163 0363 0087     1631     18
00000117 000164 0360 0073     1947      4
00000117 000165 0353 0080     1825     10
00000117 000166 0365 0072     1036      3
00000117 000167 0362 0080     2041      7
00000117 000168 0364 0088     1839      7
00000117 000169 0367 0072      871      2
00000117 000170 0351 0091      810      4
00000117 000171 0358 0096     1741      4
00000117 000172 0358 0072     1172      3
00000117 000173 0363 0080     1950      7
00000117 000174 0347 0081     1877      4
00000117 000175 0354 0074     2669      4
00000117 000176 0359 0093     1078      3
00000117 000177 0364 0075     1422      5
00000117 000178 0351 0097     2569      5
00000117 000179 0364 0085     2125      6
00000117 000180 0352 0092      794      2
00000117 000181 0365 0074     1001      4
00000117 000182 0362 0082     1994      8
00000117 000183 0350 0088     2386     13
00000117 000184 0362 0092     2197      7
00000117 000185 0353 0107      770      1
00000117 000186 0356 0079     1871      7
00000117 000187 0351 0093     1052      2
00000117 000188 0369 0073      715      3
00000117 000189 0352 0087     1409      5
00000117 000190 0348 0078     2245      5
00000117 000191 0347 0092     2206      5
00000117 000192 0353 0098     2194      6
00000117 000193 0352 0089     1132      5
00000117 000194 0353 0083      589      4
00000117 000195 0363 0090     1406     16
00000117 000196 0370 0087      798      2
00000117 000197 0362 0078      684      2
00000117 000198 0351 0092     1172      3
00000117 000199 0354 0097     1102      2
00000117 000200 0352 0086     2147      7
00000117 000201 0352 0083     1125      3
00000117 000202 0362 0076     1910      6
00000117 000203 0368 0093      909      2
00000117 000204 0362 0081     1639      6
00000117 000205 0356 0097     2489      7
00000117 000206 0365 0088     1740      6
00000117 000207 0352 0075     2129      3
00000117 000208 0354 0080      679      3
00000117 000209 0352 0093     1378      3
00000117 000210 0349 0077      695      1
00000117 000211 0365 0089     1568      5
00000117 000212 0366 0076     1055      4
00000117 000213 0350 0090     1238      3
00000117 000214 0367 0073      761      2
00000117 000215 0353 0081     2204      9
00000117 000216 0359 0086      784      4
00000117 000217 0349 0089     1039      2
00000117 000218 0359 0094     2340      6
00000117 000219 0349 0098      681      1
00000117 000220 0367 0073      758      3
00000117 000221 0370 0084      701      2
00000117 000222 0361 0082     1663      8
00000117 000223 0369 0084      899      3
00000117 000224 0370 0078      700      3
00000117 000225 0363 0090     1842      7
00000117 000226 0364 0089     1671      5
00000117 000227 0367 0075      811      3
00000117 000228 0364 0091     1844      5
00000117 000229 0356 0096      630      2
00000117 000230 0354 0094      577      3
00000117 000231 0368 0073      685      3
00000117 000232 0364 0089      639      1
00000117 000233 0356 0075     2202      7
00000117 000234 0366 0078     1233      5
00000117 000235 0368 0078      570      2
00000117 000236 0364 0086     1976      7
00000117 000237 0356 0080     1648      6
00000117 000238 0369 0073      629      1
00000117 000239 0370 0085      756      3
00000117 000240 0367 0077      876      4
00000117 000241 0347 0091     1995      5
00000117 000242 0365 0077     1396      5
00000117 000243 0360 0080     1779      6
00000117 000244 0347 0090     2579      7
00000117 000245 0356 0074     2123      4
00000117 000246 0353 0093      603      1
00000117 000247 0362 0091     1993      9
00000117 000248 0369 0076      676      2
00000117 000249 0353 0075     2217      5
00000117 000250 0358 0075     1944      6
00000117 000251 0359 0075     2439      6
00000117 000252 0353 0076     2315      7
00000117 000253 0368 0076      689      3
00000117 000254 0367 0076      872      3
00000117 000255 0369 0092      848      2
00000117 000256 0352 0080     1941     13
00000117 000257 0354 0075     1913      5
00000117 000258 0345 0089     2026      3
00000117 000259 0364 0091      558      1
00000117 000260 0357 0075     2237      6
00000117 000261 0370 0084      701      3
00000117 000262 0348 0080     2416      5
00000117 000263 0346 0086     1419      4
00000117 000264 0353 0097     1119      2
00000117 000265 0365 0075     1252      4
00000117 000266 0350 0090      537      1
00000117 000267 0353 0095     1423      2
00000117 000268 0345 0087     1899      3
00000117 000269 0357 0105      524      1
00000117 000270 0370 0086      736      3
00000117 000271 0347 0087     2310      7
00000117 000272 0349 0084     2279     13
00000117 000273 0366 0079     1118      5
00000117 000274 0371 0081      596      2
00000117 000275 0360 0083      664      4
00000117 000276 0371 0081      571      3
00000116 000000 0342 0096     1728      4
00000116 000001 0341 0093     1549      4
00000116 000002 0346 0102     1482      4
00000116 000003 0341 0093     1525      5
00000116 000004 0344 0100     1634      4
00000116 000005 0343 0098     1733      4
00000116 000006 0348 0103     1661      4
00000116 000007 0345 0101     1763      2
00000116 000008 0348 0069     1330      2
00000116 000009 0348 0072     1178      4
00000116 000010 0352 0105     1185      2
00000116 000011 0342 0092     1845      5
00000116 000012 0350 0068     1188      2
00000116 000013 0350 0103     1893      4
00000116 000014 0340 0097     1497      2
00000116 000015 0350 0104     1378      4
00000116 000016 0347 0074     1657      5
00000116 000017 0354 0067     1137      2
00000116 000018 0343 0090     2228      5
00000116 000019 0348 0101     2200      5
00000116 000020 0346 0074     1337      4
00000116 000021 0343 0092     2122      5
00000116 000022 0350 0072     1691      5
00000116 000023 0343 0080     1302      5
00000116 000024 0343 0089     2151      5
00000116 000025 0345 0073     1166      2
00000116 000026 0342 0087     1646      4
00000116 000027 0352 0068     1113      2
00000116 000028 0340 0085     1171      2
00000116 000029 0351 0104     1301      4
00000116 000030 0347 0105     1166      2
00000116 000031 0353 0067     1092      2
00000116 000032 0348 0104     1202      2
00000116 000033 0351 0069     1299      3
00000116 000034 0355 0069     1228      4
00000116 000035 0341 0084     1454      2
00000116 000036 0342 0086     1762      5
00000116 000037 0352 0071     1907      4
00000116 000038 0343 0082     1453      4
00000116 000039 0345 0096     2350      5
00000116 000040 0354 0105      921      2
00000116 000041 0342 0084     1418      4
00000116 000042 0337 0091     1127      2
00000116 000043 0344 0094     2309      5
00000116 000044 0341 0086     1512      4
00000116 000045 0346 0075     1606      4
00000116 000046 0337 0089     1076      2
00000116 000047 0348 0076     1704      5
00000116 000048 0355 0104     1247      4
00000116 000049 0345 0076     1400      4
00000116 000050 0353 0105     1122      4
00000116 000051 0354 0068     1137      4
00000116 000052 0337 0090     1068      2
00000116 000053 0361 0101     1115      4
00000116 000054 0338 0098      952      2
00000116 000055 0347 0075     1888      5
00000116 000056 0338 0097     1026      2
00000116 000057 0349 0101     2390      4
00000116 000058 0338 0095      998      2
00000116 000059 0355 0105     1134      3
00000116 000060 0339 0082      996      2
00000116 000061 0344 0089     2211      6
00000116 000062 0344 0079     1429      4
00000116 000063 0346 0098     2013      5
00000116 000064 0347 0099     2196      6
00000116 000065 0341 0101     1010      2
00000116 000066 0357 0067      878      2
00000116 000067 0349 0075     2222      6
00000116 000068 0344 0090     2229      6
00000116 000069 0342 0082     1185      4
00000116 000070 0354 0104     1353      4
00000116 000071 0360 0067      996      4
00000116 000072 0340 0078     1054      2
00000116 000073 0343 0073      960      2
00000116 000074 0355 0068     1111      4
00000116 000075 0344 0091     2342      6
00000116 000076 0356 0070     1609      4
00000116 000077 0342 0102     1041      2
00000116 000078 0358 0068     1083      4
00000116 000079 0357 0068     1081      4
00000116 000080 0353 0103     1644      4
00000116 000081 0348 0099     2278      6
00000116 000082 0339 0083      981      2
00000116 000083 0346 0099     1730      3
00000116 000084 0350 0102     2072      5
00000116 000085 0351 0105     1147      3
00000116 000086 0347 0100     1759      4
00000116 000087 0338 0084      993      2
00000116 000088 0352 0072     1857      5
00000116 000089 0342 0075      988      2
00000116 000090 0341 0075      955      2
00000116 000091 0344 0093     2270      5
00000116 000092 0347 0098     2213      5
00000116 000093 0359 0068     1088      4
00000116 000094 0343 0072      973      2
00000116 000095 0359 0104     1048      2
00000116 000096 0340 0077      947      2
00000116 000097 0343 0093     2047      4
00000116 000098 0354 0065      789      2
00000116 000099 0341 0074      933      2
00000116 000100 0341 0076      995      2
00000116 000101 0365 0099      853      2
00000116 000102 0344 0088     2119      6
00000116 000103 0344 0076     1202      2
00000116 000104 0341 0083      998      2
00000116 000105 0344 0086     1815      6
00000116 000106 0358 0104      820      2
00000116 000107 0366 0082     1324      7
00000116 000108 0358 0070     1494      4
00000116 000109 0365 0098      979      4
00000116 000110 0355 0072     1871      6
00000116 000111 0344 0105      849      2
00000116 000112 0345 0106      794      2
00000116 000113 0351 0100     2448      6
00000116 000114 0362 0098     1529      5
00000116 000115 0346 0078     1563      6
00000116 000116 0349 0074     2097      4
00000116 000117 0357 0102     1262      4
00000116 000118 0362 0069      986      4
00000116 000119 0349 0067      761      2
00000116 000120 0344 0079     1225      5
00000116 000121 0366 0085     1348      6
00000116 000122 0353 0065      769      2
00000116 000123 0362 0101      895      4
00000116 000124 0358 0069     1327      4
00000116 000125 0352 0069     1139      4
00000116 000126 0360 0070     1108      4
00000116 000127 0337 0084      777      2
00000116 000128 0360 0100     1440      5
00000116 000129 0344 0092     2356      5
00000116 000130 0348 0107      797      2
00000116 000131 0341 0080     1030      2
00000116 000132 0351 0073     2059      5
00000116 000133 0364 0093     1534      4
00000116 000134 0359 0103      991      4
00000116 000135 0357 0072     1870      6
00000116 000136 0367 0095      951      4
00000116 000137 0345 0093     2331      6
00000116 000138 0346 0096     2413      6
00000116 000139 0356 0102     1626      5
00000116 000140 0349 0099     2504      6
00000116 000141 0360 0102     1166      4
00000116 000142 0366 0090     1541      4
00000116 000143 0366 0097      982      4
00000116 000144 0354 0072     1965      5
00000116 000145 0352 0073     1354      4
00000116 000146 0345 0077     1249      4
00000116 000147 0364 0100      932      4
00000116 000148 0357 0101     1628      5
00000116 000149 0350 0107      773      2
00000116 000150 0359 0071     1360      6
00000116 000151 0363 0100     1105      3
00000116 000152 0363 0069     1040      3
00000116 000153 0361 0097     1805      6
00000116 000154 0347 0097     1271      2
00000116 000155 0367 0087     1257      6
00000116 000156 0347 0108      698      2
00000116 000157 0363 0093     2236      6
00000116 000158 0367 0089     1343      5
00000116 000159 0361 0070     1244      4
00000116 000160 0358 0066      697      2
00000116 000161 0357 0086     1027      3
00000116 000162 0345 0095     2459      5
00000116 000163 0343 0078      857      2
00000116 000164 0363 0101      876      3
00000116 000165 0354 0101     1966      5
00000116 000166 0343 0083     1312      4
00000116 000167 0357 0085     1594      6
00000116 000168 0363 0070      992      4
00000116 000169 0358 0103     1135      4
00000116 000170 0352 0101     2344      5
00000116 000171 0365 0080     1410      6
00000116 000172 0361 0099     1618      4
00000116 000173 0364 0068      673      3
00000116 000174 0360 0095      738      2
00000116 000175 0365 0092     1641      4
00000116 000176 0346 0095     2389      6
00000116 000177 0363 0098     1422      4
00000116 000178 0359 0098     1936      6
00000116 000179 0349 0076     2144      6
00000116 000180 0368 0094      827      4
00000116 000181 0368 0084     1069      4
00000116 000182 0365 0094     1488      5
00000116 000183 0361 0102      908      3
00000116 000184 0352 0108      659      2
00000116 000185 0366 0093     1076      4
00000116 000186 0363 0078     1584      7
00000116 000187 0368 0093      875      4
00000116 000188 0359 0072     1673      6
00000116 000189 0351 0084     2446      7
00000116 000190 0344 0076     1086      3
00000116 000191 0347 0078     1918      6
00000116 000192 0350 0075     1642      5
00000116 000193 0344 0078     1199      4
00000116 000194 0353 0101     1359      4
00000116 000195 0354 0100     2433      6
00000116 000196 0362 0100     1113      4
00000116 000197 0344 0080     1611      5
00000116 000198 0346 0075     1445      5
00000116 000199 0344 0084     1829      5
00000116 000200 0368 0091      907      4
00000116 000201 0367 0093     1186      4
00000116 000202 0354 0073     2122      6
00000116 000203 0345 0078     1380      5
00000116 000204 0363 0071      982      4
00000116 000205 0362 0069     1062      3
00000116 000206 0365 0079     1334      6
00000116 000207 0344 0085     1711      5
00000116 000208 0353 0101     2212      5
00000116 000209 0362 0070     1023      4
00000116 000210 0346 0076     1714      5
00000116 000211 0359 0084     2075      5
00000116 000212 0348 0098     1762      4
00000116 000213 0343 0081     1283      4
00000116 000214 0369 0089      858      4
00000116 000215 0362 0073     1519      5
00000116 000216 0351 0085     1950      5
00000116 000217 0349 0075      665      1
00000116 000218 0368 0083     1013      6
00000116 000219 0342 0082     1191      3
00000116 000220 0354 0070     1415      4
00000116 000221 0365 0070      813      4
00000116 000222 0357 0102     1555      4
00000116 000223 0347 0097     2684      6
00000116 000224 0352 0100     2157      5
00000116 000225 0364 0071      757      3
00000116 000226 0362 0099     1310      4
00000116 000227 0368 0088      932      4
00000116 000228 0350 0099     1713      4
00000116 000229 0354 0106      624      2
00000116 000230 0364 0080     1670      7
00000116 000231 0362 0089     1591     15
00000116 000232 0345 0082     1732      5
00000116 000233 0355 0087      763      4
00000116 000234 0362 0101     1024      3
00000116 000235 0356 0100     1329      4
00000116 000236 0355 0073     2089      6
00000116 000237 0352 0074     2010      5
00000116 000238 0344 0087     1594      5
00000116 000239 0347 0079     1761      6
00000116 000240 0350 0086     2068      7
00000116 000241 0364 0072     1041      4
00000116 000242 0360 0097     1945      6
00000116 000243 0345 0084     1798      6
00000116 000244 0350 0073     1764      4
00000116 000245 0361 0078     1354      6
00000116 000246 0352 0073     2081      5
00000116 000247 0346 0097     2184      6
00000116 000248 0351 0088     2488     16
00000116 000249 0345 0092     1737      4
00000116 000250 0350 0093     1517     13
00000116 000251 0359 0095     1591      5
00000116 000252 0360 0070     1321      4
00000116 000253 0352 0095     1166      4
00000116 000254 0357 0089     1566      6
00000116 000255 0350 0087     2531     17
00000116 000256 0356 0072     1894      5
00000116 000257 0366 0089     1550      4
00000116 000258 0367 0088     1269      5
00000116 000259 0360 0072     1670      5
00000116 000260 0345 0091     2375      5
00000116 000261 0345 0085     1842      6
00000116 000262 0363 0099     1097      4
00000116 000263 0356 0100     2047      5
00000116 000264 0367 0090     1234      5
00000116 000265 0370 0089      708      3
00000116 000266 0351 0085      528      1
00000116 000267 0344 0090      526      1
00000116 000268 0369 0088      785      5
00000116 000269 0368 0089     1057      4
00000116 000270 0349 0085      638      4
00000116 000271 0352 0082     2768     11
00000116 000272 0361 0072     1361      5
00000116 000273 0362 0077      623      3
00000115 000000 0336 0089     1385      2
00000115 000001 0336 0092     1383      2
00000115 000002 0336 0090     1347      2
00000115 000003 0337 0097     1326      2
00000115 000004 0336 0091     1381      2
00000115 000005 0336 0088     1371      2
00000115 000006 0337 0098     1282      2
00000115 000007 0336 0095     1250      2
00000115 000008 0337 0092     1221      3
00000115 000009 0337 0096     1345      2
00000115 000010 0336 0093     1283      2
00000115 000011 0337 0098     1042      3
00000115 000012 0336 0087     1303      2
00000115 000013 0337 0087     1211      3
00000115 000014 0339 0101     1194      2
00000115 000015 0337 0096     1134      3
00000115 000016 0336 0085     1188      2
00000115 000017 0337 0095     1096      3
00000115 000018 0337 0093     1167      3
00000115 000019 0338 0079     1164      2
00000115 000020 0340 0074     1174      2
00000115 000021 0347 0067     1186      2
00000115 000022 0339 0100     1079      3
00000115 000023 0338 0095     1243      2
00000115 000024 0338 0100     1136      2
00000115 000025 0342 0072     1055      3
00000115 000026 0340 0103     1079      2
00000115 000027 0339 0090     1309      3
00000115 000028 0341 0073     1200      2
00000115 000029 0341 0104      925      3
00000115 000030 0340 0075     1191      2
00000115 000031 0341 0102     1085      3
00000115 000032 0338 0082     1099      3
00000115 000033 0345 0069     1003      3
00000115 000034 0342 0100     1264      3
00000115 000035 0339 0081     1068      3
00000115 000036 0344 0070     1173      2
00000115 000037 0339 0077     1124      2
00000115 000038 0338 0081     1020      3
00000115 000039 0339 0084     1055      3
00000115 000040 0348 0070     1291      4
00000115 000041 0344 0071     1108      3
00000115 000042 0346 0069     1047      3
00000115 000043 0347 0068     1031      3
00000115 000044 0339 0078     1132      2
00000115 000045 0339 0080     1022      3
00000115 000046 0345 0071     1082      3
00000115 000047 0346 0070     1040      3
00000115 000048 0342 0077     1014      3
00000115 000049 0349 0068      975      3
00000115 000050 0344 0103     1082      3
00000115 000051 0344 0107      974      2
00000115 000052 0348 0067      917      3
00000115 000053 0343 0101     1091      3
00000115 000054 0341 0097     1333      4
00000115 000055 0343 0074     1047      3
00000115 000056 0340 0082      993      3
00000115 000057 0346 0107      955      2
00000115 000058 0350 0066      953      2
00000115 000059 0343 0075      981      3
00000115 000060 0340 0083      954      3
00000115 000061 0348 0108      949      2
00000115 000062 0351 0068      934      2
00000115 000063 0345 0072      996      3
00000115 000064 0340 0081      878      3
00000115 000065 0346 0105      947      3
00000115 000066 0350 0069     1129      4
00000115 000067 0347 0106      916      2
00000115 000068 0341 0079      971      3
00000115 000069 0352 0108      890      2
00000115 000070 0353 0065      932      2
00000115 000071 0340 0084      988      3
00000115 000072 0352 0066      856      3
00000115 000073 0353 0069     1099      5
00000115 000074 0344 0102      952      3
00000115 000075 0340 0094     1080      3
00000115 000076 0341 0091     1667      5
00000115 000077 0343 0096     1660      6
00000115 000078 0343 0099     1287      4
00000115 000079 0346 0071     1125      3
00000115 000080 0346 0101     1275      6
00000115 000081 0347 0104     1171      3
00000115 000082 0354 0067      850      2
00000115 000083 0344 0074      966      3
00000115 000084 0356 0089     1072      6
00000115 000085 0349 0106      823      3
00000115 000086 0347 0070     1106      3
00000115 000087 0351 0108      818      2
00000115 000088 0348 0105      801      3
00000115 000089 0352 0069     1156      4
00000115 000090 0342 0093     1651      6
00000115 000091 0353 0106      735      3
00000115 000092 0346 0072      998      3
00000115 000093 0342 0078      983      3
00000115 000094 0351 0108      718      3
00000115 000095 0341 0098     1282      3
00000115 000096 0364 0096     1468      5
00000115 000097 0360 0067     1037      4
00000115 000098 0358 0065      732      3
00000115 000099 0352 0106      768      3
00000115 000100 0352 0103     1463      6
00000115 000101 0340 0086     1256      3
00000115 000102 0348 0106      817      3
00000115 000103 0346 0104     1033      3
00000115 000104 0348 0070      958      5
00000115 000105 0340 0091     1380      3
00000115 000106 0343 0076      834      3
00000115 000107 0354 0069     1022      5
00000115 000108 0341 0095     1091      3
00000115 000109 0350 0071     1549      5
00000115 000110 0349 0072     1421      5
00000115 000111 0340 0095     1106      3
00000115 000112 0348 0102     1518      6
00000115 000113 0343 0100     1076      3
00000115 000114 0350 0107      780      2
00000115 000115 0343 0097     1512      6
00000115 000116 0363 0093     1624      8
00000115 000117 0341 0092     1470      4
00000115 000118 0338 0074      795      1
00000115 000119 0343 0098     1433      6
00000115 000120 0368 0084      958      6
00000115 000121 0353 0090     1145      3
00000115 000122 0341 0082      979      3
00000115 000123 0342 0095     1665      5
00000115 000124 0344 0100     1286      4
00000115 000125 0364 0094     1262      6
00000115 000126 0347 0071     1308      3
00000115 000127 0349 0105      807      3
00000115 000128 0361 0069     1088      5
00000115 000129 0365 0097      951      5
00000115 000130 0351 0068      778      3
00000115 000131 0344 0073      896      3
00000115 000132 0363 0094     1532      5
00000115 000133 0346 0074     1348      4
00000115 000134 0341 0090     1253      5
00000115 000135 0363 0077     1549      8
00000115 000136 0366 0094     1271      5
00000115 000137 0351 0103     1500      5
00000115 000138 0341 0081     1014      3
00000115 000139 0345 0099     1670      6
00000115 000140 0359 0103      972      4
00000115 000141 0346 0072     1047      3
00000115 000142 0344 0101     1060      3
00000115 000143 0349 0104     1137      4
00000115 000144 0337 0078      699      1
00000115 000145 0344 0075      888      3
00000115 000146 0341 0086     1246      6
00000115 000147 0347 0101     1602      6
00000115 000148 0340 0096     1182      3
00000115 000149 0356 0084     1420      5
00000115 000150 0349 0069      904      3
00000115 000151 0365 0084     1576      8
00000115 000152 0355 0090     1097      4
00000115 000153 0364 0094     1477      6
00000115 000154 0359 0101     1388      5
00000115 000155 0355 0066      713      3
00000115 000156 0342 0095     1525      5
00000115 000157 0349 0102     1823      6
00000115 000158 0363 0098     1106      6
00000115 000159 0360 0069     1188      5
00000115 000160 0355 0083      748      3
00000115 000161 0358 0102     1041      4
00000115 000162 0348 0073     1443      6
00000115 000163 0344 0099     1628      5
00000115 000164 0341 0087     1449      5
00000115 000165 0359 0066      613      3
00000115 000166 0358 0068     1074      4
00000115 000167 0354 0088     1196      4
00000115 000168 0342 0069      657      1
00000115 000169 0341 0088     1357      6
00000115 000170 0349 0071     1407      5
00000115 000171 0354 0103     1219      6
00000115 000172 0353 0068     1038      5
00000115 000173 0353 0070     1234      5
00000115 000174 0364 0099      887      5
00000115 000175 0355 0103     1336      5
00000115 000176 0357 0067      583      2
00000115 000177 0364 0092     1703      6
00000115 000178 0346 0102     1263      6
00000115 000179 0350 0103     1307      6
00000115 000180 0366 0083     1421      7
00000115 000181 0369 0091      741      5
00000115 000182 0357 0068     1099      4
00000115 000183 0364 0079     1646      7
00000115 000184 0340 0089     1258      2
00000115 000185 0360 0094     2169      8
00000115 000186 0336 0077      612      1
00000115 000187 0356 0082      619      3
00000115 000188 0349 0070     1065      3
00000115 000189 0355 0083      607      1
00000115 000190 0342 0079      882      3
00000115 000191 0356 0103     1378      5
00000115 000192 0343 0077      891      3
00000115 000193 0352 0097     2173      6
00000115 000194 0355 0105      673      2
00000115 000195 0361 0096     1591      8
00000115 000196 0341 0070      592      1
00000115 000197 0340 0087     1109      3
00000115 000198 0344 0065      588      1
00000115 000199 0355 0069     1007      4
00000115 000200 0350 0081     2111      7
00000115 000201 0366 0091     1312      5
00000115 000202 0368 0094      734      4
00000115 000203 0350 0106      772      3
00000115 000204 0355 0107      574      3
00000115 000205 0356 0106      609      3
00000115 000206 0365 0083     1382      8
00000115 000207 0346 0109      552      1
00000115 000208 0343 0095     1627      6
00000115 000209 0360 0095     1737      7
00000115 000210 0350 0098      634      2
00000115 000211 0342 0096     1380      6
00000115 000212 0340 0093     1244      3
00000115 000213 0357 0100     1114      5
00000115 000214 0354 0103     1388      5
00000115 000215 0361 0092     1780      8
00000115 000216 0350 0069     1049      5
00000115 000217 0359 0100     1534      6
00000115 000218 0344 0074      532      1
00000115 000219 0361 0102      608      2
00000115 000220 0350 0105     1008      3
00000115 000221 0351 0106      751      3
00000115 000222 0367 0081      902      7
00000115 000223 0357 0066      607      3
00000115 000224 0365 0079     1250      6
00000115 000225 0360 0097     1648      4
00000115 000226 0367 0086     1137      7
00000115 000227 0349 0094      949      2
00000115 000228 0368 0095      737      5
00000115 000229 0356 0104     1135      5
00000115 000230 0347 0104      907      3
00000115 000231 0342 0085     1317      5
00000115 000232 0345 0100     1491      6
00000115 000233 0348 0071     1222      5
00000115 000234 0361 0089     2147     10
00000115 000235 0351 0067      651      3
00000115 000236 0350 0064      505      1
00000115 000237 0367 0096      820      5
00000115 000238 0368 0085      857      6
00000115 000239 0357 0069     1119      5
00000115 000240 0349 0073     1549      5
00000114 000000 0336 0091      997      4
00000114 000001 0336 0096     1106      2
00000114 000002 0340 0105     1007      2
00000114 000003 0335 0093     1043      2
00000114 000004 0340 0102      918      4
00000114 000005 0338 0099      938      4
00000114 000006 0340 0104      983      4
00000114 000007 0337 0086     1016      4
00000114 000008 0339 0099     1169      4
00000114 000009 0342 0103     1080      4
00000114 000010 0339 0103      934      2
00000114 000011 0340 0073      903      2
00000114 000012 0337 0084      927      3
00000114 000013 0337 0100      978      2
00000114 000014 0345 0067      851      2
00000114 000015 0343 0105      821      4
00000114 000016 0336 0082      880      2
00000114 000017 0333 0092      845      2
00000114 000018 0332 0092      824      2
00000114 000019 0337 0085      998      4
00000114 000020 0339 0075      799      2
00000114 000021 0342 0071      839      2
00000114 000022 0341 0072      840      2
00000114 000023 0342 0105      922      4
00000114 000024 0343 0070      824      2
00000114 000025 0339 0078      831      4
00000114 000026 0332 0090      767      2
00000114 000027 0340 0098     1225      4
00000114 000028 0338 0091     1192      4
00000114 000029 0333 0087      752      2
00000114 000030 0344 0107      860      4
00000114 000031 0346 0067      770      2
00000114 000032 0346 0106      873      4
00000114 000033 0344 0070      818      4
00000114 000034 0334 0083      741      2
00000114 000035 0333 0089      774      2
00000114 000036 0333 0086      732      2
00000114 000037 0339 0079     1034      4
00000114 000038 0332 0088      744      2
00000114 000039 0336 0076      762      2
00000114 000040 0332 0089      765      2
00000114 000041 0345 0068      791      4
00000114 000042 0346 0068      946      4
00000114 000043 0337 0082      809      4
00000114 000044 0363 0096     1531      7
00000114 000045 0332 0095      704      2
00000114 000046 0333 0094      769      2
00000114 000047 0340 0074      942      4
00000114 000048 0337 0075      732      2
00000114 000049 0334 0082      736      2
00000114 000050 0335 0101      709      2
00000114 000051 0340 0076      836      4
00000114 000052 0339 0077      916      4
00000114 000053 0341 0100     1068      4
00000114 000054 0335 0078      675      2
00000114 000055 0348 0108      822      4
00000114 000056 0347 0107      809      4
00000114 000057 0348 0068      906      4
00000114 000058 0335 0082      742      2
00000114 000059 0335 0100      692      2
00000114 000060 0339 0071      681      2
00000114 000061 0343 0066      674      2
00000114 000062 0342 0101     1069      4
00000114 000063 0339 0095     1140      4
00000114 000064 0338 0103      678      2
00000114 000065 0334 0079      657      2
00000114 000066 0337 0101      628      2
00000114 000067 0338 0083     1014      4
00000114 000068 0335 0080      693      2
00000114 000069 0335 0081      696      2
00000114 000070 0340 0079      941      4
00000114 000071 0347 0067      909      4
00000114 000072 0344 0104      928      4
00000114 000073 0340 0070      642      2
00000114 000074 0350 0066      819      4
00000114 000075 0342 0073      891      4
00000114 000076 0336 0102      663      2
00000114 000077 0340 0100      762      2
00000114 000078 0351 0107      673      4
00000114 000079 0344 0072      816      4
00000114 000080 0345 0105      900      4
00000114 000081 0347 0065      599      2
00000114 000082 0339 0094     1043      4
00000114 000083 0345 0070      916      4
00000114 000084 0347 0064      626      2
00000114 000085 0350 0108      663      4
00000114 000086 0353 0066      784      4
00000114 000087 0339 0086      972      4
00000114 000088 0347 0069      899      4
00000114 000089 0347 0106      758      4
00000114 000090 0346 0066      603      2
00000114 000091 0341 0077      937      4
00000114 000092 0338 0076      681      2
00000114 000093 0340 0075      873      4
00000114 000094 0341 0071      604      2
00000114 000095 0365 0096      977      6
00000114 000096 0365 0095     1109      5
00000114 000097 0346 0107      758      4
00000114 000098 0339 0092     1098      4
00000114 000099 0338 0102      597      2
00000114 000100 0358 0088      614      3
00000114 000101 0364 0095     1381      7
00000114 000102 0338 0088     1104      4
00000114 000103 0343 0071      886      4
00000114 000104 0342 0070      594      2
00000114 000105 0360 0087     1239      5
00000114 000106 0343 0108      567      2
00000114 000107 0353 0085     1756      7
00000114 000108 0350 0067      869      4
00000114 000109 0368 0083      908      7
00000114 000110 0349 0063      565      2
00000114 000111 0364 0097     1170      6
00000114 000112 0348 0065      567      2
00000114 000113 0354 0084      761      4
00000114 000114 0340 0080      853      4
00000114 000115 0339 0087     1034      4
00000114 000116 0354 0091     1031      6
00000114 000117 0339 0091     1133      4
00000114 000118 0354 0066      817      4
00000114 000119 0338 0077      588      2
00000114 000120 0341 0106      543      2
00000114 000121 0360 0086     1525      6
00000114 000122 0339 0085      906      4
00000114 000123 0340 0072      693      2
00000114 000124 0343 0102      836      4
00000114 000125 0349 0107      732      4
00000114 000126 0345 0104      731      3
00000114 000127 0338 0076      532      1
00000114 000128 0343 0069      608      2
00000114 000129 0340 0076      948      3
00000114 000130 0346 0065      533      2
00000114 000131 0339 0089     1129      4
00000114 000132 0352 0107      693      4
00000114 000133 0348 0096     1606      6
00000114 000134 0342 0107      548      2
00000114 000135 0352 0067      717      4
00000114 000136 0339 0093     1083      4
00000114 000137 0360 0098     1283      7
00000114 000138 0362 0095     1569      8
00000113 000000 0337 0097     1017      5
00000113 000001 0336 0085      905      5
00000113 000002 0332 0090      931      2
00000113 000003 0335 0095     1048      3
00000113 000004 0336 0093      987      5
00000113 000005 0336 0087      982      5
00000113 000006 0335 0087     1108      3
00000113 000007 0333 0093      834      3
00000113 000008 0332 0088      894      2
00000113 000009 0338 0096     1047      5
00000113 000010 0336 0097     1021      3
00000113 000011 0336 0090     1041      5
00000113 000012 0336 0089      978      5
00000113 000013 0340 0104      901      4
00000113 000014 0338 0100      907      5
00000113 000015 0336 0092      956      5
00000113 000016 0334 0092      811      3
00000113 000017 0338 0099      979      4
00000113 000018 0336 0088     1065      4
00000113 000019 0335 0096      778      3
00000113 000020 0334 0095      772      3
00000113 000021 0334 0099      711      3
00000113 000022 0334 0085      747      3
00000113 000023 0339 0098     1063      5
00000113 000024 0340 0103      858      5
00000113 000025 0333 0083      709      3
00000113 000026 0334 0091      737      3
00000113 000027 0340 0101      990      5
00000113 000028 0337 0082      877      4
00000113 000029 0335 0094      793      3
00000113 000030 0334 0097      775      3
00000113 000031 0336 0099      766      3
00000113 000032 0337 0094      952      5
00000113 000033 0342 0106      635      3
00000113 000034 0339 0101      853      5
00000113 000035 0337 0104      673      3
00000113 000036 0335 0086      768      3
00000113 000037 0335 0101      715      2
00000113 000038 0341 0068      676      3
00000113 000039 0337 0083      959      4
00000113 000040 0342 0104      908      5
00000113 000041 0337 0103      661      3
00000113 000042 0340 0068      647      3
00000113 000043 0338 0101      875      3
00000113 000044 0335 0090      987      3
00000113 000045 0336 0080      694      3
00000113 000046 0338 0085      911      5
00000113 000047 0338 0093      970      4
00000113 000048 0338 0086     1058      5
00000113 000049 0338 0080      863      4
00000113 000050 0336 0081      647      3
00000113 000051 0335 0099      777      3
00000113 000052 0337 0088     1047      5
00000113 000053 0338 0094     1083      5
00000113 000054 0341 0103      936      5
00000113 000055 0339 0097     1062      5
00000113 000056 0337 0083      836      5
00000113 000057 0337 0076      678      3
00000113 000058 0338 0075      653      3
00000113 000059 0344 0106      816      5
00000113 000060 0340 0071      629      3
00000113 000061 0341 0073      828      5
00000113 000062 0337 0101      659      2
00000113 000063 0338 0092     1141      5
00000113 000064 0338 0102      607      2
00000113 000065 0339 0105      670      3
00000113 000066 0339 0074      626      3
00000113 000067 0336 0079      631      2
00000113 000068 0343 0104      928      5
00000113 000069 0335 0088      983      3
00000113 000070 0339 0073      620      3
00000113 000071 0337 0077      650      3
00000113 000072 0339 0106      647      3
00000113 000073 0340 0099     1004      5
00000113 000074 0339 0096     1034      5
00000113 000075 0341 0069      640      3
00000113 000076 0338 0090     1083      5
00000113 000077 0344 0066      623      3
00000113 000078 0338 0080      802      5
00000113 000079 0339 0072      679      3
00000113 000080 0336 0079      620      3
00000113 000081 0338 0073      664      3
00000113 000082 0343 0067      628      3
00000113 000083 0345 0066      576      3
00000113 000084 0343 0068      594      3
00000113 000085 0344 0068      519      2
00000113 000086 0338 0089      997      5
00000113 000087 0336 0098      872      3
00000113 000088 0338 0079      744      5
00000113 000089 0338 0105      616      3
00000113 000090 0335 0085      814      3
00000113 000091 0344 0105      857      4
00000112 000000 0333 0089      877      3
00000112 000001 0332 0092      874      3
00000112 000002 0333 0095      760      4
00000112 000003 0333 0090      791      4
00000112 000004 0334 0084      759      4
00000112 000005 0333 0084      726      4
00000112 000006 0335 0098      730      4
00000112 000007 0334 0094      781      4
00000112 000008 0334 0098      699      4
00000112 000009 0334 0088      776      4
00000112 000010 0336 0100      657      4
00000112 000011 0334 0093      723      4
00000112 000012 0334 0083      714      3
00000112 000013 0333 0085      724      4
00000112 000014 0336 0101      674      4
00000112 000015 0338 0071      681      4
00000112 000016 0334 0089      774      4
00000112 000017 0335 0097      703      4
00000112 000018 0338 0104      633      4
00000112 000019 0334 0090      719      4
00000112 000020 0335 0079      664      4
00000112 000021 0334 0087      717      4
00000112 000022 0337 0072      685      4
00000112 000023 0342 0066      611      4
00000112 000024 0333 0091      738      4
00000112 000025 0334 0091      577      2
00000112 000026 0336 0103      637      4
00000112 000027 0334 0096      702      4
00000112 000028 0341 0067      630      4
00000112 000029 0335 0082      609      3
00000112 000030 0336 0078      653      4
00000112 000031 0335 0083      695      4
00000112 000032 0335 0084      654      4
00000112 000033 0336 0095      841      5
00000112 000034 0340 0069      624      4
00000112 000035 0337 0102      639      4
00000112 000036 0334 0086      709      4
00000112 000037 0339 0104      607      4
00000112 000038 0337 0074      655      4
00000111 000000 0332 0095      776      4
00000111 000001 0332 0086      766      5
00000111 000002 0333 0088      718      5
00000097 000000 0686 1152      521      1
00000091 000000 1020 1091      509      1
00000068 000000 0947 0879      570      1
00000068 000001 0946 0879      527      1
00000068 000002 0948 0879      516      1
00000068 000003 0948 0880      513      1
00000064 000000 0565 1070      634      1
00000064 000001 0565 1069      604      1
00000064 000002 0564 1070      558      1
00000064 000003 0565 1071      530      1
00000064 000004 0564 1069      519      1
00000043 000000 0488 0911      517      1
00000042 000000 0754 1189      507      1
00000038 000000 0555 0615      525      1
